a1 = [1 2 3 4,"gift"]
a2 = a1';
